46005715
1415361268
490271658
-1845608796
1965392049
1146753506
1895552377
-1140205971
1653112482
1118314382
-36585303
-134012936
-984415968
-2089490320
1513472053
605961598
-694985643
-964216444
-2003907812
-2135480334
896066204
-1275766431
1692496827
-1690124342
556996063
-507267456
-1677490441
-1636162809
-14971970
2112568532
1002874327
2006117328
1857769072
-828414366
548490702
-1831771776
415378456
284024477
1101707115
302478146
-1260309849
-1822597400
-2033321390
-639936203
-580250022
-1428823230
459104930
-297097770
895939532
-882522447
1029185196
1620693342
-469560292
-1726249113
-1594307269
-1131719932
-387954353
1729874041
1986663260
-1339532215
1479449948
-889085363
638490356
-1357254647
330494214
-1449950012
441383468
-1017203722
1209190482
329741261
-1725399031
652110302
1357168448
-702806424
1207795818
550403947
-1594134938
-2044439425
894847557
716829847
1071243875
970814858
734373062
1628888767
1573959267
985613591
-713557814
-1234741601
699779832
158401953
140134988
519966394
-539757320
491586939
3532353
448726726
-200329942
-1696166910
817519894
-1199161874
1901351577
1842597014
-1102183465
-1619646198
1623100902
572429872
-1900687348
-435309161
1861718000
838171498
-879087026
-1420691503
-298467985
186251837
1675746478
-238289107
799646411
1246137755
-1457496060
-1374584204
-926744086
-1133518503
1082164674
-1075147082
-1633828786
670249080
-31592191
2098541266
318025871
-1398459159
-1233465939
-780234328
-1856853646
764714750
1732037731
-134589354
-983183882
-579732679
791482523
426405734
1994251949
648355702
1771050641
-863139009
629274753
1670431602
-286204910
-584312320
-1662272235
-726080769
